R = [1 1 0 0 0 0 0 0; 0 0 1 1 0 0 0 0; ...
     0 0 0 0 1 1 0 0; 0 0 0 0 0 0 1 1]/2

P = 2*R'

A1 = [ 3 -1  0  0  0  0  0  0; ...
      -1  2 -1  0  0  0  0  0; ...
       0 -1  2 -1  0  0  0  0; ...
       0  0 -1  2 -1  0  0  0; ...
       0  0  0 -1  2 -1  0  0; ...
       0  0  0  0 -1  2 -1  0; ...
       0  0  0  0  0 -1  2 -1; ...
       0  0  0  0  0  0 -1  3]*64

A0 = R*A1*P

B0 = [ 3 -1  0  0; ...
      -1  2 -1  0; ...
       0 -1  2 -1; ...
       0  0 -1  3]*16